TempNom	TempRecord	Sex	Days	Length
7	6.96	M	48	1.5
7	6.96	M	48	1.25
7	6.96	M	49	1.25
7	6.96	M	49	1.3
7	6.96	F	50	1.05
7	6.96	F	50	1.15
7	6.96	F	51	1.5
7	6.96	M	51	1.3
7	6.96	M	51	1.5
7	6.96	F	52	1.25
7	6.96	M	52	1.05
7	6.96	F	54	1.4
7	6.96	M	54	1.25
7	6.96	M	54	1
7	6.96	F	55	1.3
7	6.96	F	55	1
7	6.96	F	56	1.25
7	6.96	F	56	0.9
7	6.96	F	56	1.5
7	6.96	M	56	1.2
7	6.96	M	56	1.1
7	6.96	M	56	1.25
7	6.96	M	56	1
7	6.96	F	58	1.25
7	6.96	F	58	1
7	6.96	F	58	1.4
7	6.96	F	58	1
7	6.96	M	58	1.1
7	6.96	F	59	1.05
7	6.96	F	59	1.45
7	6.96	F	59	1.15
7	6.96	F	60	1.3
7	6.96	F	60	1.4
7	6.96	F	60	1.1
7	6.96	F	60	1.4
7	6.96	M	60	1.5
7	6.96	M	60	1.35
7	6.96	M	60	1.4
7	6.96	F	61	1.25
7	6.96	F	61	1.2
7	6.96	M	61	1.3
7	6.96	M	61	1.1
7	6.96	F	63	1.1
7	6.96	F	63	1.1
7	6.96	F	64	1.45
7	6.96	F	64	1.4
7	6.96	F	64	1.4
7	6.96	F	64	1.5
7	6.96	F	64	1.05
7	6.96	M	64	1.5
7	6.96	M	64	1.55
7	6.96	F	65	1.5
7	6.96	F	65	1.45
7	6.96	M	65	1.45
7	6.96	F	68	1.45
7	6.96	F	68	1.5
7	6.96	F	68	0.95
7	6.96	F	69	1.5
7	6.96	F	69	1.35
7	6.96	F	69	1.3
7	6.96	M	69	1.3
7	6.96	M	69	1.5
7	6.96	F	70	1.55
7	6.96	F	71	1.55
7	6.96	F	71	1.2
7	6.96	M	71	1.1
7	6.96	F	72	1.25
7	6.96	F	72	1.5
7	6.96	M	72	1.45
7	6.96	F	75	1.5
7	6.96	F	75	1.45
7	6.96	F	76	1.5
7	6.96	F	76	1
7	6.96	F	77	1.35
7	6.96	F	78	1.5
7	6.96	F	79	1.35
7	6.96	F	80	1.5
7	6.96	F	81	1.25
7	6.96	F	81	1.35
7	6.96	F	81	1.45
7	6.96	M	81	1.35
7	6.96	F	82	1.5
7	6.96	F	83	1.6
7	6.96	F	83	1.25
7	6.96	F	83	1.55
7	6.96	F	84	1.5
7	6.96	M	86	1.2
7	6.96	F	86	1.35
7	6.96	F	87	1.25
7	6.96	F	88	1.4
7	6.96	M	88	1.5
7	6.96	M	94	1.5
7	6.96	F	96	1.6
7	6.96	M	97	1.3
7	6.96	F	103	1.5
11	10.44	M	24	1.1
11	10.44	M	24	1.2
11	10.44	M	24	1
11	10.44	M	24	1.4
11	10.44	M	24	1.35
11	10.44	M	25	1.2
11	10.44	M	25	1.2
11	10.44	M	25	1
11	10.44	M	26	1.15
11	10.44	M	26	1.2
11	10.44	M	26	1.25
11	10.44	M	26	1.25
11	10.44	M	27	1.1
11	10.44	M	27	1.2
11	10.44	M	27	1.15
11	10.44	F	27	1.25
11	10.44	F	28	1.25
11	10.44	F	28	1.3
11	10.44	F	28	1.45
11	10.44	M	28	1
11	10.44	M	29	1.25
11	10.44	M	29	1
11	10.44	F	30	1.3
11	10.44	F	30	1.2
11	10.44	F	30	1.2
11	10.44	F	30	1.25
11	10.44	F	30	1.25
11	10.44	F	30	1.25
11	10.44	M	30	1.35
11	10.44	F	31	1.5
11	10.44	F	31	1.2
11	10.44	F	31	1.1
11	10.44	F	31	1.15
11	10.44	F	31	1.05
11	10.44	F	31	1.25
11	10.44	F	31	1.1
11	10.44	F	31	1.25
11	10.44	F	31	1.25
11	10.44	F	31	1
11	10.44	M	31	0.95
11	10.44	F	32	1.25
11	10.44	F	32	1.25
11	10.44	F	32	1.25
11	10.44	F	32	1.35
11	10.44	F	32	1.45
11	10.44	M	32	1.25
11	10.44	M	32	1.45
11	10.44	M	32	1.3
11	10.44	F	33	1.35
11	10.44	F	33	1.4
11	10.44	F	33	1.5
11	10.44	M	33	1.25
11	10.44	M	33	1.3
11	10.44	M	33	1.1
11	10.44	M	33	1.2
11	10.44	F	34	1.5
11	10.44	F	34	1
11	10.44	F	34	1.45
11	10.44	F	34	1
11	10.44	M	34	0.95
11	10.44	M	34	1.35
11	10.44	M	34	1.25
11	10.44	M	34	1.15
11	10.44	F	36	1.5
11	10.44	F	36	1.25
11	10.44	F	36	1.45
11	10.44	F	36	1.6
11	10.44	M	36	1.45
11	10.44	M	36	1.15
11	10.44	F	37	1.4
11	10.44	F	37	1.4
11	10.44	F	37	1
11	10.44	M	37	1.25
11	10.44	F	38	1.35
11	10.44	M	38	1.5
11	10.44	M	38	1.5
11	10.44	M	38	1
11	10.44	M	38	1
11	10.44	F	39	1.6
11	10.44	F	39	1.5
11	10.44	F	39	0.8
11	10.44	M	39	1.5
11	10.44	M	39	1.5
11	10.44	M	39	1.5
11	10.44	M	40	1.6
11	10.44	M	40	1.55
11	10.44	M	40	1.5
11	10.44	F	40	0.75
11	10.44	F	41	1.5
11	10.44	F	41	1
11	10.44	F	42	1.25
11	10.44	F	42	1.55
11	10.44	M	42	1
11	10.44	F	44	1
11	10.44	M	44	1.45
11	10.44	M	44	1.25
11	10.44	M	44	1.5
11	10.44	M	44	1.4
11	10.44	M	44	1.4
11	10.44	M	44	1.3
11	10.44	M	45	1
11	10.44	F	47	1.7
11	10.44	M	47	1.55
11	10.44	F	49	1.5
11	10.44	F	49	1.5
11	10.44	F	51	1.5
11	10.44	F	51	0.95
11	10.44	F	51	1.35
11	10.44	F	54	1
11	10.44	M	58	1.5
11	10.44	M	67	1.5
15	14.66	M	14	1.45
15	14.66	M	14	1.15
15	14.66	M	14	1.15
15	14.66	M	14	1.4
15	14.66	M	14	1.25
15	14.66	M	14	1.35
15	14.66	M	14	1.25
15	14.66	M	14	1
15	14.66	M	14	1.5
15	14.66	M	14	1.5
15	14.66	M	14	1.45
15	14.66	F	15	1.15
15	14.66	F	15	1.3
15	14.66	M	15	1.4
15	14.66	M	15	1.4
15	14.66	M	15	1.45
15	14.66	M	15	1.45
15	14.66	M	15	1.2
15	14.66	M	15	1.25
15	14.66	M	15	1.25
15	14.66	M	15	1.2
15	14.66	M	15	1.5
15	14.66	M	15	1
15	14.66	F	16	1.35
15	14.66	F	16	1.1
15	14.66	F	16	1.1
15	14.66	M	16	1.5
15	14.66	M	16	1.4
15	14.66	M	16	1.4
15	14.66	F	17	1.25
15	14.66	M	17	1.4
15	14.66	M	17	1.25
15	14.66	M	17	1.4
15	14.66	M	17	1.4
15	14.66	M	17	1.35
15	14.66	F	18	1.35
15	14.66	F	18	1.65
15	14.66	M	18	1.35
15	14.66	M	18	1.5
15	14.66	M	18	1.25
15	14.66	M	18	1.2
15	14.66	F	19	1.45
15	14.66	M	19	1.4
15	14.66	M	19	1.1
15	14.66	M	19	1.25
15	14.66	M	19	1.4
15	14.66	F	20	1.5
15	14.66	M	20	1.2
15	14.66	M	20	1.35
15	14.66	M	20	1.45
15	14.66	M	20	1.2
15	14.66	F	21	1.7
15	14.66	F	21	1.1
15	14.66	F	21	1.25
15	14.66	M	21	1.35
15	14.66	M	21	1.25
15	14.66	M	21	1.55
15	14.66	M	21	1.4
15	14.66	M	21	1.4
15	14.66	F	22	1.7
15	14.66	F	22	1.3
15	14.66	F	22	1
15	14.66	M	22	1.5
15	14.66	F	23	1
15	14.66	M	23	1.5
15	14.66	M	23	1.4
15	14.66	M	25	1.3
15	14.66	M	25	1
15	14.66	F	26	0.95
15	14.66	M	26	1.75
15	14.66	M	26	1.5
15	14.66	F	27	1.5
15	14.66	F	27	1.55
15	14.66	F	27	1.6
15	14.66	F	27	1.35
15	14.66	F	27	1.35
15	14.66	M	27	1.5
15	14.66	M	27	1.6
15	14.66	M	27	1.45
15	14.66	F	28	1.6
15	14.66	M	28	1.65
18	18.61	M	10	1.15
18	18.61	M	10	1.35
18	18.61	M	11	1.1
18	18.61	M	12	1.05
18	18.61	M	12	1.1
18	18.61	M	12	1.25
18	18.61	M	12	1.5
18	18.61	M	12	1.15
18	18.61	M	12	1.35
18	18.61	M	12	1.1
18	18.61	M	12	1.1
18	18.61	M	13	1.05
18	18.61	M	13	1.45
18	18.61	M	13	1.5
18	18.61	M	13	1.45
18	18.61	M	13	1.15
18	18.61	M	13	1.35
18	18.61	M	13	1.35
18	18.61	M	13	1.15
18	18.61	M	13	1.5
18	18.61	M	13	1.5
18	18.61	F	13	1.1
18	18.61	F	13	1
18	18.61	F	13	1.1
18	18.61	F	13	1.15
18	18.61	F	13	1.1
18	18.61	M	14	1.15
18	18.61	M	14	1.35
18	18.61	M	14	1.25
18	18.61	M	14	1.3
18	18.61	M	14	0.9
18	18.61	M	14	0.95
18	18.61	M	14	1.5
18	18.61	F	14	1.1
18	18.61	F	14	1.25
18	18.61	F	14	1.1
18	18.61	F	14	1.4
18	18.61	F	14	1.4
18	18.61	F	14	1.35
18	18.61	F	14	1.3
18	18.61	M	15	1.5
18	18.61	M	15	1.1
18	18.61	M	15	1.3
18	18.61	M	15	1.05
18	18.61	M	15	1.05
18	18.61	M	15	1.25
18	18.61	M	15	1.45
18	18.61	M	15	1
18	18.61	M	15	1.5
18	18.61	F	15	1.1
18	18.61	F	15	1.4
18	18.61	F	15	1.5
18	18.61	F	15	1.2
18	18.61	F	15	1.5
18	18.61	F	15	1.4
18	18.61	F	15	1.45
18	18.61	F	15	1.15
18	18.61	F	15	1.25
18	18.61	F	15	1.25
18	18.61	F	15	1.5
18	18.61	M	16	0.8
18	18.61	M	16	1.45
18	18.61	F	16	1.3
18	18.61	M	17	1.45
18	18.61	M	17	1.25
18	18.61	M	17	1.1
18	18.61	M	17	1.5
18	18.61	F	17	1.3
18	18.61	F	17	1.35
18	18.61	F	17	1.25
18	18.61	F	17	1.5
18	18.61	F	17	1.1
18	18.61	M	18	1.5
18	18.61	M	18	1.3
18	18.61	M	18	1.5
18	18.61	M	18	1.5
18	18.61	M	18	1.25
18	18.61	M	18	1.2
18	18.61	F	18	1.6
18	18.61	F	18	1.5
18	18.61	F	18	0.85
18	18.61	M	19	1.15
18	18.61	F	19	1.5
18	18.61	F	19	1.5
18	18.61	F	19	1.35
18	18.61	F	19	1.55
18	18.61	M	20	1.45
18	18.61	M	20	1.3
18	18.61	M	20	1.6
18	18.61	M	20	1.45
18	18.61	F	20	1.2
18	18.61	F	20	1.5
18	18.61	F	20	1.6
18	18.61	F	20	1.45
18	18.61	F	20	1.3
18	18.61	M	21	1
18	18.61	F	22	1.1
18	18.61	F	22	1.35
21	20.75	M	8	1.15
21	20.75	M	8	1.15
21	20.75	M	8	1.25
21	20.75	M	8	1.2
21	20.75	M	8	1.25
21	20.75	M	8	1.3
21	20.75	M	8	1.25
21	20.75	M	8	1.3
21	20.75	M	8	0.95
21	20.75	M	9	1.3
21	20.75	M	9	1.5
21	20.75	M	9	1.25
21	20.75	M	9	1.25
21	20.75	M	9	1.1
21	20.75	M	9	1.25
21	20.75	M	9	1.2
21	20.75	M	9	1.05
21	20.75	M	9	1.45
21	20.75	M	9	1.1
21	20.75	M	9	1.5
21	20.75	M	9	1.3
21	20.75	M	9	1.25
21	20.75	M	9	1.3
21	20.75	M	9	1.5
21	20.75	M	10	1.15
21	20.75	M	10	1.3
21	20.75	M	10	1.35
21	20.75	M	10	1.45
21	20.75	M	10	1.25
21	20.75	M	10	1.3
21	20.75	M	10	1.25
21	20.75	M	10	1.3
21	20.75	M	10	1.25
21	20.75	F	10	1.3
21	20.75	M	11	1.25
21	20.75	M	11	1
21	20.75	M	11	1.35
21	20.75	M	11	0.95
21	20.75	M	11	1.4
21	20.75	M	11	1.4
21	20.75	M	11	1.25
21	20.75	M	11	1.45
21	20.75	M	11	1.45
21	20.75	F	11	1.35
21	20.75	M	12	1.4
21	20.75	M	12	1.25
21	20.75	M	12	1.3
21	20.75	M	12	1.35
21	20.75	M	12	1.25
21	20.75	M	12	1.25
21	20.75	F	12	1.35
21	20.75	F	12	1.35
21	20.75	M	13	1.6
21	20.75	M	13	0.95
21	20.75	F	13	1.35
21	20.75	F	13	1.5
21	20.75	F	13	1.45
21	20.75	F	13	1.35
21	20.75	F	13	1.35
21	20.75	M	14	1.5
21	20.75	M	14	1.5
21	20.75	M	14	1.3
21	20.75	M	14	1.45
21	20.75	M	14	1.4
21	20.75	M	14	1.4
21	20.75	F	14	1.5
21	20.75	F	14	1.5
21	20.75	F	14	1.5
21	20.75	M	15	1.2
21	20.75	M	15	1.25
21	20.75	F	15	1.35
21	20.75	F	15	1.35
21	20.75	F	15	1.45
21	20.75	F	15	1.2
21	20.75	F	15	1.25
21	20.75	M	16	1.25
21	20.75	M	16	1.35
21	20.75	F	16	1.35
21	20.75	M	17	1.5
21	20.75	M	17	1.5
21	20.75	M	17	1
21	20.75	M	18	1
21	20.75	F	18	1.5
21	20.75	F	19	1.5
21	20.75	M	20	1.5
21	20.75	F	21	1.6
22	22.24	M	8	1.5
22	22.24	M	8	1.3
22	22.24	M	8	1.35
22	22.24	M	8	1.45
22	22.24	M	9	1.25
22	22.24	M	9	1.5
22	22.24	M	9	1.15
22	22.24	M	9	1.2
22	22.24	M	9	1.15
22	22.24	M	9	1.5
22	22.24	M	9	1.25
22	22.24	M	9	1.05
22	22.24	M	9	1.25
22	22.24	M	9	1.2
22	22.24	M	9	1.3
22	22.24	M	9	1.35
22	22.24	M	10	1.4
22	22.24	M	10	1.2
22	22.24	M	10	1.1
22	22.24	M	10	1.15
22	22.24	M	10	1.35
22	22.24	M	10	1.35
22	22.24	M	10	1.2
22	22.24	M	10	1.5
22	22.24	M	10	1.4
22	22.24	M	10	1.25
22	22.24	M	10	1.45
22	22.24	M	10	1.15
22	22.24	M	10	1.1
22	22.24	M	10	1.05
22	22.24	F	10	1.25
22	22.24	M	11	1.2
22	22.24	M	11	1
22	22.24	M	11	1.1
22	22.24	M	11	1.35
22	22.24	M	11	1.4
22	22.24	M	11	1.25
22	22.24	M	11	1.15
22	22.24	M	11	1.3
22	22.24	M	11	1
22	22.24	M	11	1.1
22	22.24	M	11	1.05
22	22.24	F	11	1.35
22	22.24	F	11	1.05
22	22.24	F	11	1.3
22	22.24	F	11	1.3
22	22.24	F	11	1.3
22	22.24	M	12	1.25
22	22.24	M	12	1.3
22	22.24	M	12	1.4
22	22.24	M	12	1.25
22	22.24	M	12	1.35
22	22.24	F	12	1.2
22	22.24	F	12	1.2
22	22.24	F	12	0.95
22	22.24	F	12	1.35
22	22.24	F	12	1.6
22	22.24	F	12	1.5
22	22.24	F	12	1.25
22	22.24	M	13	1
22	22.24	M	13	1.45
22	22.24	M	13	0.9
22	22.24	M	13	1.3
22	22.24	M	13	1.55
22	22.24	M	13	1.2
22	22.24	F	13	1.3
22	22.24	F	13	1.5
22	22.24	F	13	1.5
22	22.24	F	13	1.25
22	22.24	M	14	1.1
22	22.24	M	14	1.3
22	22.24	M	14	1.35
22	22.24	M	14	1
22	22.24	F	14	1.4
22	22.24	F	14	1.3
22	22.24	F	14	1.5
22	22.24	F	14	1.5
22	22.24	F	14	1.15
22	22.24	F	14	1.2
22	22.24	M	15	1.5
22	22.24	M	15	1.3
22	22.24	M	15	1.5
22	22.24	M	15	1.25
22	22.24	M	15	1.3
22	22.24	M	15	1.4
22	22.24	M	15	1.35
22	22.24	F	15	1.3
22	22.24	F	15	1.35
22	22.24	F	15	1.5
22	22.24	F	15	1.5
22	22.24	M	16	1.5
22	22.24	M	16	1.5
22	22.24	F	16	1.35
22	22.24	F	16	1.3
22	22.24	M	17	1.35
22	22.24	M	17	1.2
22	22.24	F	17	1.2
22	22.24	M	18	1.55
22	22.24	M	18	1.25
22	22.24	M	18	1.05
22	22.24	F	18	1.4
22	22.24	F	18	1.3
22	22.24	F	18	1.55
22	22.24	F	18	1.2
22	22.24	M	19	1.5
22	22.24	M	19	1.5
22	22.24	F	19	1.3
24	24.73	M	8	1.15
24	24.73	M	8	1.4
24	24.73	M	8	1.4
24	24.73	M	8	1.3
24	24.73	M	8	1.25
24	24.73	M	8	1.15
24	24.73	M	8	1.25
24	24.73	M	8	1.1
24	24.73	M	8	0.95
24	24.73	M	8	1.15
24	24.73	M	8	1.35
24	24.73	M	8	1.3
24	24.73	M	8	0.9
24	24.73	M	8	1.35
24	24.73	M	9	1.25
24	24.73	M	9	1.25
24	24.73	M	9	1.25
24	24.73	M	9	1
24	24.73	M	9	1.45
24	24.73	M	9	1.5
24	24.73	M	9	1.3
24	24.73	M	9	1.15
24	24.73	M	9	1.5
24	24.73	M	9	1.05
24	24.73	M	9	1.2
24	24.73	M	9	1.2
24	24.73	F	9	1.15
24	24.73	F	9	1.25
24	24.73	F	9	1
24	24.73	M	10	1.2
24	24.73	M	10	1.45
24	24.73	M	10	1.1
24	24.73	M	10	0.8
24	24.73	M	10	1.45
24	24.73	M	10	1.1
24	24.73	M	10	1.5
24	24.73	M	10	1.3
24	24.73	M	10	0.95
24	24.73	F	10	1.35
24	24.73	F	10	1.1
24	24.73	F	10	0.95
24	24.73	F	10	1.55
24	24.73	F	10	1.35
24	24.73	F	10	1.35
24	24.73	F	10	0.8
24	24.73	M	11	1.4
24	24.73	M	11	1.2
24	24.73	M	11	1.25
24	24.73	F	11	1.4
24	24.73	F	11	1.4
24	24.73	F	11	1.1
24	24.73	F	11	0.9
24	24.73	F	11	1.3
24	24.73	F	11	1.05
24	24.73	M	12	1.2
24	24.73	M	12	0.95
24	24.73	M	12	1.1
24	24.73	M	12	1.1
24	24.73	M	12	1.25
24	24.73	M	12	1.2
24	24.73	F	12	1.05
24	24.73	F	12	1.25
24	24.73	F	12	1.45
24	24.73	F	12	1.35
24	24.73	F	12	1
24	24.73	F	12	1.25
24	24.73	M	13	0.95
24	24.73	F	13	1
24	24.73	F	13	1
24	24.73	F	13	1
24	24.73	M	14	1.25
24	24.73	M	14	1.3
24	24.73	M	14	1.15
24	24.73	F	14	1.25
24	24.73	F	14	1
24	24.73	F	14	1.4
24	24.73	F	14	1.35
24	24.73	F	14	1.4
24	24.73	F	14	1.5
24	24.73	F	14	1.35
24	24.73	M	15	0.95
24	24.73	M	16	1.25
24	24.73	M	16	1.35
24	24.73	F	16	1.3
24	24.73	M	17	0.75
24	24.73	F	17	1.25
24	24.73	F	18	1.25
27	27.34	M	6	1.35
27	27.34	M	6	1.3
27	27.34	M	6	1.3
27	27.34	M	6	1.15
27	27.34	F	6	1.3
27	27.34	M	7	1.05
27	27.34	M	7	1.3
27	27.34	M	7	1.3
27	27.34	M	7	1.35
27	27.34	M	7	1.4
27	27.34	M	7	1.4
27	27.34	M	7	1.35
27	27.34	M	7	1.4
27	27.34	M	8	1.35
27	27.34	M	8	1.4
27	27.34	M	8	1.65
27	27.34	M	8	1.05
27	27.34	M	8	1.1
27	27.34	M	8	1.05
27	27.34	F	8	1.3
27	27.34	F	8	1.35
27	27.34	M	9	1.1
27	27.34	M	9	1.25
27	27.34	M	9	1.3
27	27.34	M	9	1.1
27	27.34	M	9	1
27	27.34	M	9	1.45
27	27.34	M	9	1.3
27	27.34	M	9	1
27	27.34	M	9	1.05
27	27.34	F	9	1.25
27	27.34	F	9	1.45
27	27.34	F	9	1.15
27	27.34	F	9	1.3
27	27.34	F	9	1.2
27	27.34	F	9	1.2
27	27.34	F	9	1.35
27	27.34	F	9	1.25
27	27.34	F	9	1.3
27	27.34	M	10	1.4
27	27.34	M	10	1.45
27	27.34	M	10	1.35
27	27.34	M	10	1.05
27	27.34	M	10	1.1
27	27.34	M	10	1.25
27	27.34	F	10	1.25
27	27.34	F	10	1.45
27	27.34	F	10	1.1
27	27.34	F	10	1.5
27	27.34	F	10	1.25
27	27.34	F	10	1.15
27	27.34	F	10	1.2
27	27.34	F	10	1.3
27	27.34	F	10	1.35
27	27.34	F	10	1
27	27.34	F	10	1.25
27	27.34	M	11	1
27	27.34	F	11	1.45
27	27.34	F	11	1.45
27	27.34	F	11	1.5
27	27.34	F	11	1.15
27	27.34	F	11	1.15
27	27.34	F	11	1.55
27	27.34	F	11	1.4
27	27.34	F	11	1.35
27	27.34	M	12	1.4
27	27.34	M	12	1.35
27	27.34	M	12	1.3
27	27.34	M	12	1.25
27	27.34	M	12	1.15
27	27.34	F	12	1.5
27	27.34	F	12	1.2
27	27.34	F	12	1.35
27	27.34	M	13	1.35
27	27.34	M	13	1.35
27	27.34	F	13	1.25
27	27.34	F	13	1.35
27	27.34	F	13	1.45
27	27.34	F	13	1.35
27	27.34	F	13	1.5
27	27.34	F	13	1.5
27	27.34	F	13	1.5
27	27.34	F	14	1.1
27	27.34	F	14	1.45
27	27.34	F	14	1.3
27	27.34	F	14	1.25
27	27.34	F	15	1.25
27	27.34	M	16	1.45
27	27.34	F	16	1.5
27	27.34	F	16	1
27	27.34	F	16	0.85
27	27.34	F	16	1.05
27	27.34	F	18	1.45
27	27.34	F	18	1.45
30	30.37	M	6	1.1
30	30.37	M	6	1.2
30	30.37	M	7	1.35
30	30.37	M	7	1.15
30	30.37	F	7	1.15
30	30.37	F	7	1.35
30	30.37	F	7	1.1
30	30.37	F	7	1.05
30	30.37	M	8	1.1
30	30.37	M	8	1.25
30	30.37	M	8	1.5
30	30.37	M	8	1.05
30	30.37	M	8	1.25
30	30.37	M	8	1.25
30	30.37	M	8	1.4
30	30.37	M	8	1.25
30	30.37	F	8	1.15
30	30.37	F	8	1.25
30	30.37	F	8	1.5
30	30.37	F	8	1.5
30	30.37	F	8	1.05
30	30.37	F	8	1.2
30	30.37	F	8	1.15
30	30.37	F	8	1.4
30	30.37	F	8	1.3
30	30.37	F	8	1.15
30	30.37	M	9	1.15
30	30.37	M	9	1.45
30	30.37	M	9	1.35
30	30.37	F	9	1.05
30	30.37	F	9	1.15
30	30.37	F	9	1.4
30	30.37	F	9	1.25
30	30.37	F	9	1
30	30.37	F	9	1.6
30	30.37	F	9	1.25
30	30.37	F	9	1.4
30	30.37	F	9	1.1
30	30.37	F	9	1.35
30	30.37	F	9	1.5
30	30.37	F	9	1.15
30	30.37	F	9	1.2
30	30.37	F	9	1.25
30	30.37	F	9	1.35
30	30.37	F	9	1.2
30	30.37	F	9	1
30	30.37	F	9	1.25
30	30.37	F	9	1.45
30	30.37	F	9	1.55
30	30.37	F	9	1.2
30	30.37	F	9	1.1
30	30.37	F	9	1.15
30	30.37	M	10	1
30	30.37	M	10	0.95
30	30.37	M	10	1.35
30	30.37	M	10	1.15
30	30.37	F	10	1.4
30	30.37	F	10	1.5
30	30.37	F	10	1.3
30	30.37	F	10	1
30	30.37	F	10	1
30	30.37	F	10	1.05
30	30.37	F	10	1.55
30	30.37	F	10	1.5
30	30.37	F	10	1.5
30	30.37	F	10	1.5
30	30.37	M	11	1.05
30	30.37	M	11	1.35
30	30.37	F	11	1.35
30	30.37	F	11	1.25
30	30.37	F	11	1.5
30	30.37	F	11	0.95
30	30.37	F	12	1.5
30	30.37	F	13	1.35
30	30.37	F	13	1.35
30	30.37	F	14	1.2
30	30.37	M	14	1.15
30	30.37	F	15	1.05
30	30.37	M	16	1.1
30	30.37	F	17	1.15
